# second hello world file

y <- c(23,45,67)

z <- c(103, 154, 189)